||=====================================||
|| 1 |   |   || 4 |   |   ||   |   |   ||
||   |   |   ||   |   |   || 7 |   |   ||
||   |   | 3 ||   |   |   ||   | 2 |   ||
||=====================================||
||   |   |   ||   | 8 |   ||   |   |   ||
||   |   |   ||   |   |   ||   |   |   ||
||   |   | 9 ||   |   |   || 1 |   |   ||
||=====================================||
|| 9 |   |   ||   |   |   ||   | 1 |   ||
||   |   |   ||   |   |   ||   |   |   ||
||   |   |   ||   |   | 6 ||   | 3 |   ||
||=====================================||
